Tempo(s)	Deformacao(mm)	Forca(N)
0.016667 	0.00000 	0.00000 
0.083333 	0.00094575 	0.00000 
0.10000 	0.0017023 	0.00000 
0.11667 	0.0024589 	0.00000 
0.13333 	0.0035938 	-0.0016194 
0.15000 	0.0045396 	0.0016178 
0.16667 	0.0056745 	0.00000 
0.18333 	0.0069985 	0.00000 
0.20000 	0.0087009 	0.00000 
0.21667 	0.010403 	0.0016178 
0.23333 	0.012106 	0.00000 
0.25000 	0.014564 	0.00000 
0.26667 	0.016834 	0.0016178 
0.28333 	0.018726 	0.0016178 
0.30000 	0.020428 	0.0016178 
0.31667 	0.022130 	0.0016178 
0.33333 	0.023644 	0.0032355 
0.35000 	0.025346 	0.0032355 
0.36667 	0.027048 	0.0032355 
0.38333 	0.028751 	0.0032355 
0.40000 	0.030453 	0.0048533 
0.41667 	0.032155 	0.0064711 
0.43333 	0.033858 	0.0048533 
0.45000 	0.035371 	0.0064711 
0.46667 	0.037073 	0.0064711 
0.48333 	0.038586 	0.0064711 
0.50000 	0.040100 	0.0064711 
0.51667 	0.041802 	0.0064711 
0.53333 	0.043504 	0.0080889 
0.55000 	0.045207 	0.0064711 
0.56667 	0.046909 	0.0080889 
0.58333 	0.048800 	0.0080889 
0.60000 	0.050503 	0.0080889 
0.61667 	0.052016 	0.0080889 
0.63333 	0.053718 	0.0097066 
0.65000 	0.055232 	0.0097066 
0.66667 	0.056934 	0.0097066 
0.68333 	0.058447 	0.0097066 
0.70000 	0.060149 	0.0097066 
0.71667 	0.062041 	0.0097066 
0.73333 	0.063743 	0.0097066 
0.75000 	0.065446 	0.0097066 
0.76667 	0.067148 	0.011324 
0.78333 	0.068850 	0.011324 
0.80000 	0.070363 	0.011324 
0.81667 	0.072066 	0.011324 
0.83333 	0.073768 	0.011324 
0.85000 	0.075470 	0.012942 
0.86667 	0.077173 	0.012942 
0.88333 	0.078875 	0.012942 
0.90000 	0.080577 	0.012942 
0.91667 	0.082280 	0.014560 
0.93333 	0.083982 	0.014560 
0.95000 	0.085495 	0.014560 
0.96667 	0.087009 	0.016178 
0.98333 	0.088711 	0.016178 
1.0000 	0.090413 	0.017796 
1.0167 	0.092116 	0.019413 
1.0333 	0.093818 	0.019413 
1.0500 	0.095520 	0.021031 
1.0667 	0.097033 	0.022649 
1.0833 	0.098736 	0.024267 
1.1000 	0.10044 	0.027502 
1.1167 	0.10195 	0.027502 
1.1333 	0.10346 	0.029120 
1.1500 	0.10517 	0.032355 
1.1667 	0.10668 	0.033973 
1.1833 	0.10838 	0.035591 
1.2000 	0.11008 	0.037209 
1.2167 	0.11198 	0.038827 
1.2333 	0.11368 	0.040444 
1.2500 	0.11519 	0.043680 
1.2667 	0.11689 	0.046915 
1.2833 	0.11841 	0.046915 
1.3000 	0.12011 	0.048533 
1.3167 	0.12162 	0.051769 
1.3333 	0.12333 	0.053387 
1.3500 	0.12522 	0.056622 
1.3667 	0.12692 	0.058240 
1.3833 	0.12843 	0.061475 
1.4000 	0.13013 	0.063093 
1.4167 	0.13184 	0.066329 
1.4333 	0.13335 	0.067946 
1.4500 	0.13505 	0.069564 
1.4667 	0.13657 	0.072800 
1.4833 	0.13827 	0.074418 
1.5000 	0.13997 	0.077653 
1.5167 	0.14167 	0.079271 
1.5333 	0.14337 	0.082506 
1.5500 	0.14508 	0.085742 
1.5667 	0.14678 	0.087360 
1.5833 	0.14848 	0.087360 
1.6000 	0.15000 	0.088978 
1.6167 	0.15170 	0.092213 
1.6333 	0.15321 	0.095449 
1.6500 	0.15491 	0.098684 
1.6667 	0.15680 	0.10192 
1.6833 	0.15851 	0.10516 
1.7000 	0.16021 	0.10677 
1.7167 	0.16191 	0.10839 
1.7333 	0.16361 	0.11163 
1.7500 	0.16513 	0.11486 
1.7667 	0.16683 	0.11648 
1.7833 	0.16853 	0.11972 
1.8000 	0.17023 	0.12295 
1.8167 	0.17194 	0.12457 
1.8333 	0.17383 	0.12619 
1.8500 	0.17553 	0.12942 
1.8667 	0.17704 	0.13266 
1.8833 	0.17875 	0.13428 
1.9000 	0.18045 	0.13751 
1.9167 	0.18196 	0.14075 
1.9333 	0.18366 	0.14236 
1.9500 	0.18518 	0.14560 
1.9667 	0.18688 	0.14722 
1.9833 	0.18858 	0.14884 
2.0000 	0.19028 	0.15207 
2.0167 	0.19199 	0.15531 
2.0333 	0.19350 	0.15692 
2.0500 	0.19520 	0.16016 
2.0667 	0.19671 	0.16340 
2.0833 	0.19842 	0.16501 
2.1000 	0.19993 	0.16663 
2.1167 	0.20163 	0.16987 
2.1333 	0.20334 	0.17148 
2.1500 	0.20504 	0.17472 
2.1667 	0.20674 	0.17634 
2.1833 	0.20844 	0.17957 
2.2000 	0.21014 	0.18119 
2.2167 	0.21166 	0.18281 
2.2333 	0.21336 	0.18604 
2.2500 	0.21487 	0.18766 
2.2667 	0.21658 	0.19090 
2.2833 	0.21828 	0.19252 
2.3000 	0.21998 	0.19413 
2.3167 	0.22168 	0.19737 
2.3333 	0.22357 	0.19737 
2.3667 	0.22679 	0.20222 
2.3833 	0.22849 	0.20384 
2.4167 	0.23171 	0.20707 
2.4333 	0.23341 	0.21031 
2.4500 	0.23511 	0.21193 
2.4667 	0.23700 	0.21193 
2.4833 	0.23871 	0.21355 
2.5000 	0.24041 	0.21516 
2.5333 	0.24362 	0.22002 
2.5667 	0.24684 	0.22487 
2.6000 	0.25024 	0.22649 
2.6333 	0.25365 	0.22972 
2.6667 	0.25705 	0.23296 
2.7000 	0.26027 	0.23458 
2.7333 	0.26348 	0.23619 
2.7667 	0.26689 	0.23781 
2.8000 	0.27029 	0.24105 
2.8333 	0.27370 	0.24267 
2.8667 	0.27691 	0.24428 
2.9000 	0.28013 	0.24752 
2.9333 	0.28335 	0.24752 
2.9667 	0.28675 	0.25075 
3.0000 	0.29015 	0.25237 
3.0333 	0.29337 	0.25399 
3.0667 	0.29659 	0.25723 
3.1000 	0.30018 	0.25561 
3.1333 	0.30340 	0.25723 
3.1667 	0.30680 	0.25884 
3.2000 	0.31002 	0.26046 
3.2333 	0.31342 	0.26046 
3.2667 	0.31682 	0.26208 
3.3000 	0.32023 	0.26208 
3.3333 	0.32344 	0.26370 
3.3667 	0.32666 	0.26531 
3.4000 	0.33025 	0.26531 
3.4333 	0.33366 	0.26531 
3.4667 	0.33687 	0.26693 
3.5000 	0.34009 	0.26693 
3.5333 	0.34331 	0.26855 
3.5667 	0.34671 	0.26855 
3.6000 	0.35011 	0.27017 
3.6333 	0.35333 	0.27017 
3.6667 	0.35674 	0.27017 
3.7000 	0.36014 	0.27179 
3.7333 	0.36354 	0.27179 
3.7667 	0.36695 	0.27340 
3.8000 	0.37016 	0.27340 
3.8333 	0.37338 	0.27502 
3.8667 	0.37678 	0.27502 
3.9000 	0.38019 	0.27664 
3.9333 	0.38341 	0.27664 
3.9667 	0.38662 	0.27826 
4.0000 	0.39003 	0.27664 
4.0333 	0.39343 	0.27826 
4.0667 	0.39683 	0.27826 
4.1000 	0.40005 	0.27826 
4.1333 	0.40345 	0.27826 
4.1667 	0.40667 	0.27987 
4.2000 	0.41008 	0.28149 
4.2333 	0.41348 	0.28149 
4.2667 	0.41670 	0.28149 
4.3000 	0.41991 	0.28149 
4.3333 	0.42332 	0.28311 
4.3667 	0.42672 	0.28311 
4.4000 	0.43012 	0.28311 
4.4333 	0.43334 	0.28473 
4.4667 	0.43656 	0.28311 
4.5000 	0.43996 	0.28473 
4.5333 	0.44337 	0.28473 
4.5667 	0.44677 	0.28635 
4.6000 	0.45017 	0.28473 
4.6500 	0.45528 	0.28473 
4.6833 	0.45869 	0.28635 
4.7333 	0.46360 	0.28635 
4.7833 	0.46833 	0.28635 
4.8333 	0.47344 	0.28635 
4.8833 	0.47855 	0.28635 
4.9333 	0.48328 	0.28635 
4.9833 	0.48838 	0.28635 
5.0333 	0.49349 	0.28796 
5.0833 	0.49822 	0.28796 
5.1333 	0.50351 	0.28796 
5.1833 	0.50862 	0.28796 
5.2333 	0.51354 	0.28796 
5.2833 	0.51846 	0.28958 
5.3333 	0.52338 	0.28958 
5.3833 	0.52829 	0.29120 
5.4333 	0.53321 	0.28958 
5.4833 	0.53851 	0.29120 
5.5333 	0.54343 	0.29282 
5.5833 	0.54834 	0.29282 
5.6333 	0.55364 	0.29282 
5.6833 	0.55856 	0.29443 
5.7333 	0.56347 	0.29443 
5.7833 	0.56858 	0.29605 
5.8333 	0.57350 	0.29443 
5.8833 	0.57823 	0.29282 
5.9333 	0.58334 	0.29443 
5.9833 	0.58825 	0.29282 
6.0333 	0.59317 	0.29282 
6.0833 	0.59847 	0.29443 
6.1333 	0.60357 	0.29443 
6.1833 	0.60849 	0.29605 
6.2333 	0.61360 	0.29767 
6.2833 	0.61852 	0.29767 
6.3333 	0.62325 	0.29929 
6.3833 	0.62835 	0.29767 
6.4333 	0.63346 	0.29929 
6.5000 	0.63989 	0.30091 
6.5500 	0.64500 	0.30091 
6.6000 	0.65011 	0.30252 
6.6500 	0.65502 	0.30252 
6.7000 	0.66013 	0.30414 
6.7500 	0.66524 	0.30414 
6.8167 	0.67167 	0.30414 
6.8667 	0.67678 	0.30576 
6.9167 	0.68188 	0.30576 
6.9833 	0.68831 	0.30576 
7.0333 	0.69361 	0.30576 
7.1000 	0.70023 	0.30576 
7.1667 	0.70685 	0.30576 
7.2333 	0.71347 	0.30899 
7.3000 	0.71990 	0.30899 
7.3667 	0.72671 	0.30738 
7.4333 	0.73314 	0.30738 
7.5000 	0.73995 	0.30738 
7.5667 	0.74676 	0.30899 
7.6333 	0.75338 	0.30899 
7.7000 	0.76019 	0.31061 
7.7667 	0.76662 	0.31223 
7.8333 	0.77343 	0.31223 
7.9000 	0.78005 	0.31385 
7.9667 	0.78686 	0.31385 
8.0333 	0.79367 	0.31708 
8.1000 	0.80010 	0.31708 
8.1667 	0.80672 	0.31870 
8.2333 	0.81315 	0.31870 
8.3000 	0.81996 	0.31870 
8.3667 	0.82677 	0.31870 
8.4333 	0.83339 	0.31870 
8.5000 	0.84020 	0.32032 
8.5667 	0.84663 	0.32032 
8.6333 	0.85344 	0.32032 
8.7000 	0.86006 	0.32194 
8.7667 	0.86687 	0.32194 
8.8333 	0.87349 	0.32355 
8.9167 	0.88181 	0.32517 
8.9833 	0.88862 	0.32679 
9.0667 	0.89676 	0.32841 
9.1500 	0.90508 	0.33003 
9.2333 	0.91340 	0.33164 
9.3167 	0.92172 	0.33164 
9.4000 	0.93023 	0.33164 
9.4833 	0.93856 	0.33326 
9.5667 	0.94688 	0.33488 
9.6500 	0.95501 	0.33488 
9.7333 	0.96353 	0.33650 
9.8167 	0.97166 	0.33650 
9.9000 	0.98017 	0.33811 
9.9833 	0.98830 	0.33811 
10.017 	0.99171 	0.32032 
10.033 	0.99341 	0.12457 
