Tempo(s)	Deformacao(mm)	Forca(N)
0.016667 	0.00000 	0.00000 
0.066667 	0.00075660 	0.00000 
0.10000 	0.0020806 	0.00000 
0.11667 	0.0030264 	0.00000 
0.13333 	0.0039721 	0.00000 
0.15000 	0.0052962 	0.00000 
0.16667 	0.0069985 	0.00000 
0.18333 	0.0087009 	0.00000 
0.20000 	0.011160 	0.00000 
0.21667 	0.013240 	0.00000 
0.23333 	0.015132 	0.00000 
0.25000 	0.016834 	0.00000 
0.26667 	0.018347 	0.00000 
0.28333 	0.020050 	0.00000 
0.30000 	0.021563 	0.00000 
0.31667 	0.023076 	0.00000 
0.33333 	0.024779 	0.00000 
0.35000 	0.026481 	0.00000 
0.36667 	0.028372 	0.00000 
0.38333 	0.029886 	0.00000 
0.40000 	0.031588 	0.00000 
0.41667 	0.033290 	0.00000 
0.43333 	0.034803 	0.00000 
0.45000 	0.036506 	0.00000 
0.46667 	0.038019 	0.00000 
0.48333 	0.039721 	0.00000 
0.50000 	0.041424 	0.00000 
0.51667 	0.043126 	0.00000 
0.53333 	0.044828 	0.00000 
0.55000 	0.046720 	0.00000 
0.56667 	0.048422 	0.00000 
0.58333 	0.049935 	0.00000 
0.60000 	0.051638 	0.00000 
0.61667 	0.053151 	0.00000 
0.63333 	0.054664 	0.00000 
0.65000 	0.056366 	0.00000 
0.66667 	0.058069 	0.0016178 
0.68333 	0.059771 	0.00000 
0.70000 	0.061473 	0.00000 
0.71667 	0.063176 	0.00000 
0.73333 	0.064878 	0.00000 
0.75000 	0.066391 	0.00000 
0.76667 	0.067904 	0.00000 
0.78333 	0.069607 	0.0016178 
0.80000 	0.071309 	0.0016178 
0.81667 	0.072822 	0.00000 
0.83333 	0.074714 	0.00000 
0.85000 	0.076416 	0.00000 
0.86667 	0.078119 	0.00000 
0.88333 	0.079821 	0.00000 
0.90000 	0.081334 	0.00000 
0.91667 	0.083036 	0.0016178 
0.93333 	0.084550 	0.0016178 
0.95000 	0.086252 	0.00000 
0.96667 	0.087765 	0.0016178 
0.98333 	0.089657 	0.00000 
1.0000 	0.091359 	0.00000 
1.0167 	0.093061 	0.0016178 
1.0333 	0.094764 	0.00000 
1.0500 	0.096466 	0.0016178 
1.0667 	0.098168 	0.0016178 
1.0833 	0.099682 	0.0016178 
1.1000 	0.10138 	0.0016178 
1.1167 	0.10290 	0.0016178 
1.1333 	0.10479 	0.0016178 
1.1500 	0.10649 	0.0016178 
1.1667 	0.10819 	0.0016178 
1.1833 	0.10990 	0.0016178 
1.2000 	0.11160 	0.0016178 
1.2167 	0.11311 	0.0016178 
1.2333 	0.11481 	0.0016178 
1.2500 	0.11633 	0.0016178 
1.2667 	0.11803 	0.0032355 
1.2833 	0.11973 	0.0016178 
1.3000 	0.12143 	0.0032355 
1.3167 	0.12314 	0.0032355 
1.3333 	0.12484 	0.0032355 
1.3500 	0.12654 	0.0032355 
1.3667 	0.12824 	0.0032355 
1.3833 	0.12995 	0.0032355 
1.4000 	0.13146 	0.0048533 
1.4167 	0.13316 	0.0048533 
1.4333 	0.13467 	0.0048533 
1.4500 	0.13638 	0.0064711 
1.4667 	0.13808 	0.0064711 
1.4833 	0.13997 	0.0064711 
1.5000 	0.14148 	0.0080889 
1.5167 	0.14319 	0.0097066 
1.5333 	0.14470 	0.0097066 
1.5500 	0.14640 	0.0097066 
1.5667 	0.14791 	0.012942 
1.5833 	0.14962 	0.012942 
1.6000 	0.15132 	0.012942 
1.6167 	0.15283 	0.012942 
1.6333 	0.15453 	0.016178 
1.6500 	0.15624 	0.017796 
1.6667 	0.15794 	0.017796 
1.6833 	0.15964 	0.017796 
1.7000 	0.16115 	0.019413 
1.7167 	0.16286 	0.021031 
1.7333 	0.16437 	0.022649 
1.7500 	0.16607 	0.022649 
1.7667 	0.16778 	0.025884 
1.7833 	0.16967 	0.025884 
1.8000 	0.17137 	0.029120 
1.8167 	0.17307 	0.029120 
1.8333 	0.17477 	0.030738 
1.8500 	0.17648 	0.032355 
1.8667 	0.17818 	0.033973 
1.8833 	0.17969 	0.035591 
1.9000 	0.18139 	0.035591 
1.9167 	0.18310 	0.037209 
1.9333 	0.18499 	0.040444 
1.9500 	0.18669 	0.040444 
1.9667 	0.18839 	0.042062 
1.9833 	0.18991 	0.043680 
2.0000 	0.19161 	0.045298 
2.0167 	0.19312 	0.046915 
2.0333 	0.19482 	0.048533 
2.0500 	0.19634 	0.050151 
2.0667 	0.19804 	0.050151 
2.0833 	0.19974 	0.051769 
2.1000 	0.20125 	0.053387 
2.1167 	0.20296 	0.055004 
2.1333 	0.20466 	0.056622 
2.1500 	0.20617 	0.058240 
2.1667 	0.20787 	0.059858 
2.1833 	0.20939 	0.061475 
2.2000 	0.21109 	0.061475 
2.2167 	0.21279 	0.064711 
2.2333 	0.21449 	0.064711 
2.2500 	0.21620 	0.064711 
2.2667 	0.21790 	0.067946 
2.2833 	0.21960 	0.069564 
2.3000 	0.22130 	0.071182 
2.3167 	0.22301 	0.072800 
2.3333 	0.22471 	0.074418 
2.3667 	0.22792 	0.076035 
2.3833 	0.22963 	0.077653 
2.4000 	0.23133 	0.079271 
2.4167 	0.23303 	0.080889 
2.4333 	0.23473 	0.082506 
2.4500 	0.23644 	0.084124 
2.4667 	0.23814 	0.085742 
2.4833 	0.23984 	0.085742 
2.5167 	0.24306 	0.088978 
2.5500 	0.24627 	0.092213 
2.5833 	0.24968 	0.095449 
2.6167 	0.25308 	0.098684 
2.6500 	0.25630 	0.10030 
2.6833 	0.25970 	0.10354 
2.7167 	0.26292 	0.10516 
2.7333 	0.26481 	0.10839 
2.7667 	0.26821 	0.11163 
2.8000 	0.27143 	0.11324 
2.8333 	0.27446 	0.11648 
2.8667 	0.27786 	0.11810 
2.9000 	0.28126 	0.12133 
2.9333 	0.28467 	0.12295 
2.9667 	0.28788 	0.12619 
3.0000 	0.29110 	0.12780 
3.0333 	0.29451 	0.12942 
3.0667 	0.29791 	0.13428 
3.1000 	0.30131 	0.13589 
3.1333 	0.30453 	0.13913 
3.1667 	0.30775 	0.13913 
3.2000 	0.31134 	0.14236 
3.2333 	0.31474 	0.14560 
3.2667 	0.31815 	0.14884 
3.3000 	0.32136 	0.14884 
3.3333 	0.32458 	0.15207 
3.3667 	0.32798 	0.15369 
3.4000 	0.33139 	0.15531 
3.4333 	0.33479 	0.15854 
3.4667 	0.33801 	0.16016 
3.5000 	0.34141 	0.16178 
3.5333 	0.34482 	0.16340 
3.5667 	0.34803 	0.16663 
3.6000 	0.35125 	0.16663 
3.6333 	0.35447 	0.16987 
3.6667 	0.35787 	0.17148 
3.7000 	0.36127 	0.17310 
3.7333 	0.36468 	0.17472 
3.7667 	0.36789 	0.17472 
3.8000 	0.37130 	0.17634 
3.8333 	0.37470 	0.17957 
3.8667 	0.37830 	0.17957 
3.9000 	0.38151 	0.18119 
3.9333 	0.38473 	0.18281 
3.9667 	0.38813 	0.18443 
4.0000 	0.39135 	0.18443 
4.0333 	0.39475 	0.18766 
4.0667 	0.39778 	0.18766 
4.1000 	0.40100 	0.18928 
4.1333 	0.40440 	0.18928 
4.1667 	0.40799 	0.19252 
4.2000 	0.41140 	0.19252 
4.2333 	0.41461 	0.19252 
4.2667 	0.41783 	0.19413 
4.3000 	0.42123 	0.19575 
4.3333 	0.42483 	0.19737 
4.3667 	0.42804 	0.19737 
4.4000 	0.43126 	0.19737 
4.4333 	0.43466 	0.19899 
4.4667 	0.43807 	0.20060 
4.5167 	0.44299 	0.20222 
4.5667 	0.44772 	0.20222 
4.6000 	0.45112 	0.20222 
4.6333 	0.45471 	0.20546 
4.6833 	0.45963 	0.20546 
4.7333 	0.46436 	0.20707 
4.7833 	0.46966 	0.20707 
4.8333 	0.47476 	0.20707 
4.8833 	0.47968 	0.20869 
4.9333 	0.48479 	0.21031 
4.9833 	0.48971 	0.21193 
5.0333 	0.49462 	0.21355 
5.0833 	0.49954 	0.21355 
5.1333 	0.50465 	0.21355 
5.1833 	0.50957 	0.21516 
5.2333 	0.51449 	0.21516 
5.2833 	0.51959 	0.21678 
5.3333 	0.52451 	0.21678 
5.3833 	0.52962 	0.21840 
5.4333 	0.53472 	0.21678 
5.4833 	0.53964 	0.21840 
5.5333 	0.54456 	0.21840 
5.5833 	0.54967 	0.22002 
5.6333 	0.55458 	0.22163 
5.6833 	0.55969 	0.22002 
5.7333 	0.56480 	0.22325 
5.7833 	0.56991 	0.22163 
5.8333 	0.57463 	0.22163 
5.8833 	0.57974 	0.22163 
5.9333 	0.58485 	0.22163 
5.9833 	0.58958 	0.22325 
6.0333 	0.59450 	0.22163 
6.0667 	0.59790 	0.20707 
6.0833 	0.59960 	0.074418 
