Tempo(s)	Deformacao(mm)	Forca(N)
0.016667 	0.00000 	0.00000 
0.083333 	0.0011349 	0.00000 
0.10000 	0.0018915 	-0.0016194 
0.11667 	0.0030264 	0.00000 
0.13333 	0.0041613 	-0.0016194 
0.15000 	0.0054853 	-0.0016194 
0.16667 	0.0075660 	0.00000 
0.18333 	0.0094575 	0.0016178 
0.20000 	0.011160 	0.00000 
0.21667 	0.012862 	0.00000 
0.23333 	0.014564 	0.00000 
0.25000 	0.016267 	0.00000 
0.26667 	0.017780 	0.00000 
0.28333 	0.019293 	0.00000 
0.30000 	0.020806 	-0.0016194 
0.31667 	0.022509 	-0.0016194 
0.33333 	0.024211 	0.00000 
0.35000 	0.025724 	0.00000 
0.36667 	0.027616 	0.00000 
0.38333 	0.029318 	0.00000 
0.40000 	0.031020 	0.00000 
0.41667 	0.032723 	0.00000 
0.43333 	0.034236 	0.00000 
0.45000 	0.035938 	0.00000 
0.46667 	0.037452 	0.0016178 
0.48333 	0.038965 	0.00000 
0.50000 	0.040667 	-0.0016194 
0.51667 	0.042369 	0.00000 
0.53333 	0.044072 	0.00000 
0.55000 	0.045774 	0.00000 
0.56667 	0.047476 	0.0016178 
0.58333 	0.049179 	0.00000 
0.60000 	0.050881 	0.00000 
0.61667 	0.052394 	0.00000 
0.63333 	0.054097 	0.00000 
0.65000 	0.055610 	0.0016178 
0.66667 	0.057312 	0.0016178 
0.68333 	0.059014 	0.00000 
0.70000 	0.060906 	0.00000 
0.71667 	0.062608 	0.0016178 
0.73333 	0.064311 	0.0016178 
0.75000 	0.065824 	0.0016178 
0.76667 	0.067526 	0.0016178 
0.78333 	0.069039 	0.0032355 
0.80000 	0.070742 	0.0016178 
0.81667 	0.072444 	0.0048533 
0.83333 	0.074146 	0.0048533 
0.85000 	0.075849 	0.0032355 
0.86667 	0.077740 	0.0048533 
0.88333 	0.079443 	0.0048533 
0.90000 	0.080956 	0.0048533 
0.91667 	0.082658 	0.0048533 
0.93333 	0.084171 	0.0048533 
0.95000 	0.085685 	0.0048533 
0.96667 	0.087387 	0.0064711 
0.98333 	0.089089 	0.0064711 
1.0000 	0.090792 	0.0064711 
1.0167 	0.092494 	0.0064711 
1.0333 	0.094196 	0.0080889 
1.0500 	0.095709 	0.0080889 
1.0667 	0.097412 	0.0064711 
1.0833 	0.098925 	0.0080889 
1.1000 	0.10063 	0.0097066 
1.1167 	0.10214 	0.0080889 
1.1333 	0.10384 	0.0080889 
1.1500 	0.10555 	0.0080889 
1.1667 	0.10725 	0.0097066 
1.1833 	0.10895 	0.0097066 
1.2000 	0.11065 	0.0097066 
1.2167 	0.11217 	0.0097066 
1.2333 	0.11387 	0.0097066 
1.2500 	0.11538 	0.0097066 
1.2667 	0.11708 	0.0097066 
1.2833 	0.11879 	0.0097066 
1.3000 	0.12049 	0.011324 
1.3167 	0.12219 	0.0097066 
1.3333 	0.12389 	0.011324 
1.3500 	0.12578 	0.011324 
1.3667 	0.12749 	0.0097066 
1.3833 	0.12900 	0.011324 
1.4000 	0.13070 	0.011324 
1.4167 	0.13240 	0.0097066 
1.4333 	0.13392 	0.011324 
1.4500 	0.13562 	0.011324 
1.4667 	0.13732 	0.011324 
1.4833 	0.13902 	0.011324 
1.5000 	0.14073 	0.011324 
1.5167 	0.14243 	0.0097066 
1.5333 	0.14413 	0.011324 
1.5500 	0.14564 	0.011324 
1.5667 	0.14735 	0.011324 
1.5833 	0.14886 	0.0097066 
1.6000 	0.15056 	0.0097066 
1.6167 	0.15226 	0.0097066 
1.6333 	0.15397 	0.0097066 
1.6500 	0.15567 	0.0097066 
1.6667 	0.15737 	0.0097066 
1.6833 	0.15907 	0.0097066 
1.7000 	0.16078 	0.0080889 
1.7167 	0.16229 	0.0080889 
1.7333 	0.16399 	0.0080889 
1.7500 	0.16569 	0.0080889 
1.7667 	0.16721 	0.0097066 
1.7833 	0.16910 	0.0080889 
1.8000 	0.17080 	0.0080889 
1.8167 	0.17250 	0.0097066 
1.8333 	0.17421 	0.0080889 
1.8500 	0.17572 	0.0080889 
1.8667 	0.17742 	0.0097066 
1.8833 	0.17893 	0.0080889 
1.9000 	0.18064 	0.0080889 
1.9167 	0.18234 	0.0097066 
1.9333 	0.18404 	0.0097066 
1.9500 	0.18574 	0.0080889 
1.9667 	0.18745 	0.0080889 
1.9833 	0.18915 	0.0080889 
2.0000 	0.19066 	0.0080889 
2.0167 	0.19236 	0.0097066 
2.0333 	0.19388 	0.0097066 
2.0500 	0.19558 	0.0080889 
2.0667 	0.19728 	0.0080889 
2.0833 	0.19898 	0.0097066 
2.1000 	0.20069 	0.0097066 
2.1167 	0.20239 	0.0080889 
2.1333 	0.20409 	0.0080889 
2.1500 	0.20579 	0.0080889 
2.1667 	0.20731 	0.0080889 
2.1833 	0.20901 	0.0080889 
2.2000 	0.21071 	0.0080889 
2.2167 	0.21223 	0.0097066 
2.2333 	0.21393 	0.0080889 
2.2500 	0.21563 	0.0080889 
2.2667 	0.21733 	0.0080889 
2.2833 	0.21903 	0.0080889 
2.3000 	0.22074 	0.0080889 
2.3167 	0.22244 	0.0080889 
2.3500 	0.22565 	0.0097066 
2.3833 	0.22887 	0.0080889 
2.4000 	0.23057 	0.0080889 
2.4167 	0.23227 	0.0080889 
2.4333 	0.23398 	0.0080889 
2.4500 	0.23568 	0.0080889 
2.4667 	0.23738 	0.0080889 
2.4833 	0.23908 	0.0064711 
2.5000 	0.24079 	0.0080889 
2.5333 	0.24400 	0.0080889 
2.5667 	0.24741 	0.0080889 
2.6000 	0.25081 	0.0080889 
2.6333 	0.25422 	0.0080889 
2.6667 	0.25743 	0.0080889 
2.7000 	0.26065 	0.0064711 
2.7333 	0.26405 	0.0080889 
2.7500 	0.26594 	0.0064711 
2.7833 	0.26916 	0.0064711 
2.8167 	0.27256 	0.0064711 
2.8500 	0.27578 	0.0080889 
2.8833 	0.27918 	0.0080889 
2.9167 	0.28240 	0.0064711 
2.9500 	0.28580 	0.0064711 
2.9833 	0.28902 	0.0064711 
3.0167 	0.29224 	0.0064711 
3.0500 	0.29564 	0.0064711 
3.0833 	0.29904 	0.0048533 
3.1167 	0.30226 	0.0064711 
3.1500 	0.30566 	0.0048533 
3.1833 	0.30888 	0.0064711 
3.2167 	0.31247 	0.0048533 
3.2500 	0.31588 	0.0048533 
3.2833 	0.31909 	0.0048533 
3.3167 	0.32231 	0.0032355 
3.3500 	0.32571 	0.0032355 
3.3833 	0.32912 	0.0032355 
3.4167 	0.33233 	0.0032355 
3.4500 	0.33555 	0.0032355 
3.4833 	0.33877 	0.0032355 
3.5167 	0.34217 	0.0032355 
3.5500 	0.34576 	0.0032355 
3.5833 	0.34898 	0.0032355 
3.6167 	0.35220 	0.0032355 
3.6500 	0.35560 	0.0032355 
3.6833 	0.35900 	0.0032355 
3.7167 	0.36241 	0.0032355 
3.7500 	0.36581 	0.0032355 
3.7833 	0.36903 	0.0032355 
3.8167 	0.37225 	0.0032355 
3.8500 	0.37565 	0.0032355 
3.8833 	0.37905 	0.0032355 
3.9167 	0.38227 	0.0032355 
3.9500 	0.38567 	0.0032355 
3.9833 	0.38889 	0.0032355 
4.0167 	0.39230 	0.0032355 
4.0500 	0.39570 	0.0016178 
4.0833 	0.39892 	0.0032355 
4.1167 	0.40232 	0.0032355 
4.1500 	0.40572 	0.0032355 
4.1833 	0.40913 	0.0032355 
4.2167 	0.41253 	0.0032355 
4.2500 	0.41575 	0.0016178 
4.2833 	0.41915 	0.0032355 
4.3167 	0.42256 	0.0032355 
4.3500 	0.42577 	0.0016178 
4.3833 	0.42899 	0.0016178 
4.4167 	0.43221 	0.0032355 
4.4500 	0.43542 	0.0016178 
4.4833 	0.43883 	0.0016178 
4.5167 	0.44223 	0.0032355 
4.5500 	0.44564 	0.0016178 
4.6000 	0.45055 	0.0032355 
4.6333 	0.45396 	0.0016178 
4.6667 	0.45755 	0.0016178 
4.7167 	0.46247 	0.0016178 
4.7667 	0.46739 	0.0016178 
4.8167 	0.47249 	0.0016178 
4.8667 	0.47722 	0.0016178 
4.9167 	0.48214 	0.0016178 
4.9667 	0.48725 	0.0016178 
5.0167 	0.49235 	0.0016178 
5.0667 	0.49727 	0.00000 
5.1167 	0.50238 	0.00000 
5.1667 	0.50749 	0.00000 
5.2167 	0.51222 	0.00000 
5.2667 	0.51751 	0.0016178 
5.3167 	0.52243 	0.0016178 
5.3667 	0.52735 	0.00000 
5.4167 	0.53245 	0.00000 
5.4667 	0.53737 	0.00000 
5.5167 	0.54229 	0.0016178 
5.5667 	0.54740 	0.0016178 
5.6167 	0.55250 	0.00000 
5.6667 	0.55742 	0.0016178 
5.7167 	0.56234 	0.00000 
5.7667 	0.56726 	0.00000 
5.8167 	0.57218 	0.00000 
5.8667 	0.57728 	0.00000 
5.9167 	0.58239 	0.00000 
5.9667 	0.58731 	0.0016178 
6.0167 	0.59241 	0.00000 
6.0667 	0.59752 	0.00000 
6.1167 	0.60244 	0.00000 
6.1667 	0.60736 	0.0016178 
6.2167 	0.61228 	0.00000 
6.2667 	0.61719 	0.00000 
6.3167 	0.62211 	0.0016178 
6.3667 	0.62722 	0.00000 
6.4167 	0.63214 	0.00000 
6.4667 	0.63724 	0.00000 
6.5167 	0.64235 	0.0016178 
6.5667 	0.64765 	0.0016178 
6.6167 	0.65256 	0.00000 
6.6667 	0.65748 	0.00000 
6.7333 	0.66410 	0.00000 
6.8000 	0.67053 	0.0016178 
6.8500 	0.67583 	0.00000 
6.9167 	0.68245 	0.0016178 
6.9833 	0.68907 	0.0016178 
7.0500 	0.69588 	0.00000 
7.1167 	0.70231 	0.00000 
7.1833 	0.70912 	0.00000 
7.2500 	0.71555 	0.00000 
7.3167 	0.72217 	0.00000 
7.3833 	0.72898 	0.00000 
7.4500 	0.73560 	0.00000 
7.5167 	0.74241 	0.00000 
7.5833 	0.74884 	0.0016178 
7.6500 	0.75565 	0.00000 
7.7167 	0.76208 	0.00000 
7.7833 	0.76889 	0.00000 
7.8500 	0.77570 	0.00000 
7.9167 	0.78232 	0.00000 
7.9833 	0.78913 	0.00000 
8.0500 	0.79556 	0.00000 
8.1167 	0.80237 	0.00000 
8.1833 	0.80899 	0.00000 
8.2500 	0.81561 	0.00000 
8.3167 	0.82223 	-0.0016194 
8.3833 	0.82885 	0.00000 
8.4500 	0.83566 	0.00000 
8.5167 	0.84228 	0.00000 
8.5833 	0.84909 	0.00000 
8.6500 	0.85571 	0.00000 
8.7167 	0.86233 	0.00000 
8.7833 	0.86914 	0.00000 
8.8667 	0.87727 	0.00000 
8.9333 	0.88427 	0.00000 
9.0167 	0.89241 	0.00000 
9.1000 	0.90073 	0.00000 
9.1833 	0.90886 	0.00000 
9.2667 	0.91718 	0.00000 
9.3500 	0.92570 	0.00000 
9.4333 	0.93402 	0.00000 
9.5167 	0.94234 	0.00000 
9.6000 	0.95066 	0.00000 
9.6833 	0.95899 	0.00000 
9.7667 	0.96731 	0.00000 
9.8500 	0.97582 	0.00000 
9.9333 	0.98395 	0.00000 
10.017 	0.99246 	0.00000 
10.100 	1.0006 	0.00000 
10.183 	1.0091 	0.00000 
10.267 	1.0172 	0.00000 
10.350 	1.0258 	0.00000 
10.433 	1.0339 	0.00000 
10.517 	1.0424 	0.00000 
10.600 	1.0505 	0.00000 
10.683 	1.0590 	0.00000 
10.767 	1.0672 	0.00000 
10.850 	1.0757 	0.00000 
10.933 	1.0840 	0.0016178 
11.017 	1.0923 	0.00000 
11.117 	1.1024 	0.00000 
11.217 	1.1122 	0.00000 
11.300 	1.1209 	0.00000 
11.400 	1.1307 	0.00000 
11.500 	1.1406 	0.00000 
11.600 	1.1506 	0.00000 
11.700 	1.1606 	0.00000 
11.800 	1.1706 	0.00000 
11.900 	1.1807 	0.0016178 
12.000 	1.1905 	0.00000 
12.100 	1.2007 	0.00000 
12.200 	1.2106 	0.00000 
12.300 	1.2206 	0.00000 
12.400 	1.2308 	0.00000 
12.500 	1.2404 	0.00000 
12.600 	1.2505 	0.00000 
12.700 	1.2609 	0.00000 
12.800 	1.2707 	0.00000 
12.900 	1.2807 	0.00000 
13.000 	1.2908 	-0.0016194 
13.117 	1.3023 	0.00000 
13.217 	1.3123 	0.00000 
13.333 	1.3240 	-0.0016194 
13.450 	1.3356 	0.00000 
13.567 	1.3475 	0.00000 
13.683 	1.3590 	0.00000 
13.800 	1.3706 	0.00000 
13.917 	1.3821 	0.00000 
14.033 	1.3938 	-0.0016194 
14.150 	1.4058 	0.00000 
14.267 	1.4175 	-0.0016194 
14.383 	1.4288 	0.00000 
14.500 	1.4404 	-0.0016194 
14.617 	1.4523 	-0.0016194 
14.733 	1.4640 	-0.0016194 
14.850 	1.4756 	0.00000 
14.967 	1.4873 	0.00000 
15.083 	1.4992 	0.00000 
15.200 	1.5107 	0.00000 
15.333 	1.5240 	-0.0016194 
15.467 	1.5372 	-0.0016194 
15.583 	1.5491 	-0.0016194 
15.717 	1.5624 	0.00000 
15.850 	1.5756 	-0.0016194 
15.983 	1.5890 	0.00000 
16.117 	1.6023 	0.00000 
16.250 	1.6155 	-0.0016194 
16.383 	1.6290 	0.00000 
16.517 	1.6424 	-0.0016194 
16.650 	1.6558 	0.00000 
16.783 	1.6689 	-0.0016194 
16.917 	1.6823 	-0.0016194 
17.050 	1.6955 	0.00000 
17.183 	1.7090 	-0.0016194 
17.317 	1.7224 	-0.0016194 
17.450 	1.7358 	0.00000 
17.600 	1.7508 	-0.0016194 
17.750 	1.7655 	-0.0016194 
17.883 	1.7791 	-0.0016194 
18.033 	1.7943 	-0.0016194 
18.183 	1.8090 	-0.0016194 
18.333 	1.8242 	0.00000 
18.483 	1.8391 	-0.0016194 
18.633 	1.8538 	-0.0016194 
18.783 	1.8688 	0.00000 
18.933 	1.8841 	0.00000 
19.083 	1.8991 	0.00000 
19.233 	1.9138 	0.00000 
19.383 	1.9289 	0.00000 
19.533 	1.9439 	-0.0016194 
19.700 	1.9605 	0.00000 
19.850 	1.9757 	-0.0016194 
20.017 	1.9923 	0.00000 
20.183 	2.0088 	-0.0016194 
20.350 	2.0256 	-0.0016194 
20.517 	2.0421 	0.00000 
20.683 	2.0589 	0.00000 
20.850 	2.0757 	0.00000 
21.017 	2.0924 	0.00000 
21.183 	2.1090 	0.00000 
21.350 	2.1258 	0.00000 
21.517 	2.1423 	-0.0016194 
21.683 	2.1591 	0.00000 
21.867 	2.1775 	0.00000 
22.050 	2.1956 	-0.0016194 
22.233 	2.2140 	-0.0016194 
22.417 	2.2321 	0.00000 
22.600 	2.2507 	0.00000 
22.783 	2.2690 	0.00000 
22.967 	2.2874 	0.00000 
23.150 	2.3057 	-0.0016194 
23.333 	2.3239 	-0.0016194 
23.517 	2.3422 	0.00000 
23.700 	2.3608 	-0.0016194 
23.900 	2.3806 	0.00000 
24.083 	2.3992 	0.00000 
24.283 	2.4188 	-0.0016194 
24.483 	2.4389 	-0.0016194 
24.600 	2.4508 	-0.0080970 
24.633 	2.4540 	-0.022672 
24.683 	2.4591 	-0.012955 
24.717 	2.4623 	-0.0064776 
24.800 	2.4705 	0.00000 
25.000 	2.4911 	-0.0016194 
25.200 	2.5108 	0.00000 
25.400 	2.5304 	0.00000 
25.600 	2.5509 	0.00000 
25.800 	2.5707 	0.00000 
26.000 	2.5908 	0.00000 
26.217 	2.6121 	-0.0016194 
26.417 	2.6324 	0.00000 
26.633 	2.6538 	0.00000 
26.850 	2.6759 	0.00000 
27.067 	2.6975 	-0.0016194 
27.283 	2.7188 	0.00000 
27.500 	2.7408 	0.00000 
27.717 	2.7623 	-0.0016194 
27.933 	2.7839 	0.00000 
28.150 	2.8056 	-0.0016194 
28.367 	2.8274 	0.00000 
28.600 	2.8507 	0.00000 
28.833 	2.8741 	0.00000 
29.067 	2.8972 	-0.0016194 
29.300 	2.9206 	0.00000 
29.533 	2.9439 	0.00000 
29.767 	2.9674 	0.00000 
30.000 	2.9906 	0.00000 
30.233 	3.0141 	0.00000 
30.483 	3.0389 	0.00000 
30.733 	3.0640 	-0.0016194 
30.983 	3.0890 	0.00000 
31.233 	3.1141 	-0.0016194 
31.483 	3.1387 	-0.0016194 
