Tempo(s)	Deformacao(mm)	Forca(N)
0.016667 	0.00000 	0.00000 
0.083333 	0.00094575 	0.00000 
0.11667 	0.0024589 	0.00000 
0.13333 	0.0035938 	0.00000 
0.15000 	0.0049179 	0.00000 
0.16667 	0.0064311 	0.00000 
0.18333 	0.0087009 	0.00000 
0.20000 	0.010592 	0.0016178 
0.21667 	0.012295 	0.00000 
0.23333 	0.013997 	0.00000 
0.25000 	0.015699 	0.00000 
0.26667 	0.017402 	0.00000 
0.28333 	0.018915 	0.00000 
0.30000 	0.020428 	0.00000 
0.31667 	0.021941 	0.00000 
0.33333 	0.023644 	0.00000 
0.35000 	0.025346 	0.0016178 
0.36667 	0.027048 	0.00000 
0.38333 	0.028751 	0.00000 
0.40000 	0.030453 	0.0016178 
0.41667 	0.032155 	0.00000 
0.43333 	0.033858 	0.0016178 
0.45000 	0.035371 	0.00000 
0.46667 	0.037073 	0.00000 
0.48333 	0.038586 	0.00000 
0.50000 	0.040289 	0.00000 
0.51667 	0.041991 	0.00000 
0.53333 	0.043693 	0.00000 
0.55000 	0.045396 	0.00000 
0.56667 	0.047098 	0.00000 
0.58333 	0.048800 	0.00000 
0.60000 	0.050314 	0.00000 
0.61667 	0.051827 	0.00000 
0.63333 	0.053529 	0.00000 
0.65000 	0.055042 	0.0016178 
0.66667 	0.056745 	0.00000 
0.68333 	0.058447 	0.00000 
0.70000 	0.060149 	0.00000 
0.71667 	0.061852 	0.00000 
0.73333 	0.063554 	0.00000 
0.75000 	0.065067 	0.00000 
0.76667 	0.066770 	0.0016178 
0.78333 	0.068283 	0.0016178 
0.80000 	0.069985 	0.0016178 
0.81667 	0.071687 	0.0016178 
0.83333 	0.073390 	0.0016178 
0.85000 	0.075092 	0.0032355 
0.86667 	0.076984 	0.0016178 
0.88333 	0.078686 	0.00000 
0.90000 	0.080388 	0.00000 
0.91667 	0.081902 	0.00000 
0.93333 	0.083604 	0.0016178 
0.95000 	0.085117 	0.0016178 
0.96667 	0.086819 	0.0016178 
0.98333 	0.088522 	0.0016178 
1.0000 	0.090224 	0.0016178 
1.0167 	0.091926 	0.00000 
1.0333 	0.093629 	0.00000 
1.0500 	0.095331 	0.00000 
1.0667 	0.097033 	0.0016178 
1.0833 	0.098547 	0.00000 
1.1000 	0.10025 	0.00000 
1.1167 	0.10176 	0.00000 
1.1333 	0.10346 	0.00000 
1.1500 	0.10517 	0.0016178 
1.1667 	0.10687 	0.00000 
1.1833 	0.10857 	0.00000 
1.2000 	0.11027 	0.00000 
1.2167 	0.11198 	0.00000 
1.2333 	0.11368 	0.0016178 
1.2500 	0.11519 	0.00000 
1.2667 	0.11689 	0.00000 
1.2833 	0.11860 	0.00000 
1.3000 	0.12011 	0.0016178 
1.3167 	0.12181 	0.00000 
1.3333 	0.12351 	0.00000 
1.3500 	0.12522 	-0.0016194 
1.3667 	0.12692 	0.00000 
1.3833 	0.12843 	0.00000 
1.4000 	0.13013 	0.00000 
1.4167 	0.13165 	0.00000 
1.4333 	0.13335 	0.0016178 
1.4500 	0.13505 	0.00000 
1.4667 	0.13675 	0.00000 
1.4833 	0.13846 	0.00000 
1.5000 	0.14016 	0.00000 
1.5167 	0.14186 	0.00000 
1.5333 	0.14356 	0.0016178 
1.5500 	0.14508 	0.00000 
1.5667 	0.14678 	0.00000 
1.5833 	0.14829 	0.00000 
1.6000 	0.15000 	0.0016178 
1.6167 	0.15170 	0.00000 
1.6333 	0.15340 	0.00000 
1.6500 	0.15510 	0.00000 
1.6667 	0.15680 	0.0016178 
1.6833 	0.15851 	0.00000 
1.7000 	0.16021 	0.00000 
1.7167 	0.16191 	0.00000 
1.7333 	0.16361 	0.00000 
1.7500 	0.16513 	0.00000 
1.7667 	0.16683 	0.00000 
1.7833 	0.16853 	0.00000 
1.8000 	0.17023 	0.00000 
1.8167 	0.17213 	0.00000 
1.8333 	0.17383 	0.0016178 
1.8500 	0.17534 	0.0016178 
1.8667 	0.17704 	0.0016178 
1.8833 	0.17856 	0.00000 
1.9000 	0.18007 	0.00000 
1.9167 	0.18177 	0.00000 
1.9333 	0.18347 	0.00000 
1.9500 	0.18518 	0.00000 
1.9667 	0.18688 	0.00000 
1.9833 	0.18858 	0.00000 
2.0000 	0.19009 	0.00000 
2.0167 	0.19180 	0.0016178 
2.0333 	0.19350 	0.00000 
2.0500 	0.19501 	0.00000 
2.0667 	0.19653 	0.00000 
2.0833 	0.19823 	0.00000 
2.1000 	0.19993 	0.00000 
2.1167 	0.20163 	0.00000 
2.1333 	0.20334 	0.0016178 
2.1500 	0.20523 	0.0016178 
2.1667 	0.20693 	0.00000 
2.1833 	0.20844 	0.00000 
2.2000 	0.21014 	0.00000 
2.2167 	0.21166 	0.00000 
2.2333 	0.21336 	0.00000 
2.2500 	0.21506 	0.00000 
2.2667 	0.21676 	0.00000 
2.2833 	0.21866 	0.0016178 
2.3000 	0.22036 	0.0016178 
2.3167 	0.22206 	0.00000 
2.3500 	0.22528 	0.00000 
2.3833 	0.22849 	0.00000 
2.4000 	0.23019 	0.00000 
2.4167 	0.23190 	0.00000 
2.4333 	0.23360 	0.00000 
2.4500 	0.23530 	0.00000 
2.4667 	0.23700 	0.00000 
2.4833 	0.23871 	0.00000 
2.5167 	0.24192 	0.00000 
2.5500 	0.24514 	0.00000 
2.5833 	0.24854 	0.00000 
2.6167 	0.25195 	0.00000 
2.6500 	0.25516 	0.0016178 
2.6833 	0.25838 	0.00000 
2.7167 	0.26159 	0.00000 
2.7500 	0.26519 	0.00000 
2.7833 	0.26859 	0.00000 
2.8167 	0.27181 	0.00000 
2.8500 	0.27521 	0.0016178 
2.8833 	0.27843 	0.00000 
2.9167 	0.28202 	0.00000 
2.9500 	0.28524 	0.00000 
2.9833 	0.28864 	0.00000 
3.0167 	0.29167 	0.00000 
3.0500 	0.29507 	0.0016178 
3.0833 	0.29867 	0.00000 
3.1167 	0.30188 	0.00000 
3.1500 	0.30510 	0.0016178 
3.1833 	0.30850 	0.00000 
3.2167 	0.31172 	0.00000 
3.2500 	0.31512 	0.00000 
3.2833 	0.31853 	0.00000 
3.3167 	0.32193 	0.00000 
3.3500 	0.32515 	0.00000 
3.3833 	0.32855 	0.00000 
3.4167 	0.33196 	0.00000 
3.4500 	0.33517 	0.0016178 
3.4833 	0.33839 	0.0016178 
3.5167 	0.34160 	0.00000 
3.5500 	0.34501 	0.00000 
3.5833 	0.34841 	0.00000 
3.6167 	0.35182 	0.0016178 
3.6500 	0.35503 	0.00000 
3.6833 	0.35844 	0.0016178 
3.7167 	0.36203 	0.0016178 
3.7500 	0.36525 	0.00000 
3.7833 	0.36846 	0.00000 
3.8167 	0.37187 	0.00000 
3.8500 	0.37527 	0.0016178 
3.8833 	0.37849 	0.00000 
3.9167 	0.38189 	0.0016178 
3.9500 	0.38492 	0.00000 
3.9833 	0.38832 	0.0016178 
4.0167 	0.39173 	0.00000 
4.0500 	0.39513 	0.00000 
4.0833 	0.39835 	0.0016178 
4.1167 	0.40175 	0.00000 
4.1500 	0.40497 	0.00000 
4.1833 	0.40856 	0.00000 
4.2167 	0.41197 	0.0016178 
4.2500 	0.41518 	0.0016178 
4.2833 	0.41840 	0.00000 
4.3167 	0.42180 	0.0016178 
4.3500 	0.42521 	0.0016178 
4.3833 	0.42861 	0.00000 
4.4333 	0.43334 	0.0016178 
4.4667 	0.43675 	0.0016178 
4.5000 	0.44015 	0.00000 
4.5333 	0.44355 	0.00000 
4.5833 	0.44828 	0.00000 
4.6167 	0.45169 	0.0016178 
4.6500 	0.45528 	0.00000 
4.7000 	0.46020 	0.00000 
4.7500 	0.46512 	0.0016178 
4.8000 	0.47022 	0.0016178 
4.8500 	0.47533 	0.0016178 
4.9000 	0.48006 	0.0016178 
4.9500 	0.48498 	0.0016178 
5.0000 	0.49009 	0.00000 
5.0500 	0.49500 	0.0016178 
5.1000 	0.49992 	0.0016178 
5.1500 	0.50522 	0.0016178 
5.2000 	0.51013 	0.0016178 
5.2500 	0.51505 	0.0016178 
5.3000 	0.52016 	0.0016178 
5.3500 	0.52508 	0.0016178 
5.4000 	0.53000 	0.0016178 
5.4500 	0.53510 	0.0016178 
5.5000 	0.54021 	0.0016178 
5.5500 	0.54513 	0.0016178 
5.6000 	0.55042 	0.0016178 
5.6500 	0.55534 	0.0016178 
5.7000 	0.56026 	0.0016178 
5.7500 	0.56518 	0.0032355 
5.8000 	0.57028 	0.0016178 
5.8500 	0.57501 	0.0016178 
5.9000 	0.57993 	0.0016178 
5.9500 	0.58504 	0.0016178 
6.0000 	0.58996 	0.0016178 
6.0500 	0.59506 	0.0016178 
6.1000 	0.60017 	0.0016178 
6.1500 	0.60528 	0.0016178 
6.2000 	0.61019 	0.0032355 
6.2500 	0.61530 	0.0016178 
6.3000 	0.62003 	0.0016178 
6.3500 	0.62495 	0.0016178 
6.4000 	0.63024 	0.0016178 
6.4500 	0.63516 	0.0016178 
6.5000 	0.64008 	0.0016178 
6.5500 	0.64538 	0.0016178 
6.6000 	0.65029 	0.0016178 
6.6667 	0.65673 	0.0016178 
6.7167 	0.66183 	0.0016178 
6.7833 	0.66826 	0.0016178 
6.8333 	0.67337 	0.0016178 
6.8833 	0.67848 	0.0016178 
6.9500 	0.68491 	0.0016178 
7.0167 	0.69191 	0.0016178 
7.0833 	0.69853 	0.0016178 
7.1500 	0.70534 	0.0016178 
7.2167 	0.71196 	0.0016178 
7.2833 	0.71839 	0.0016178 
7.3500 	0.72520 	0.0016178 
7.4167 	0.73163 	0.0032355 
7.4833 	0.73844 	0.0016178 
7.5500 	0.74525 	0.0016178 
7.6167 	0.75187 	0.0016178 
7.6833 	0.75849 	0.0016178 
7.7500 	0.76492 	0.0032355 
7.8167 	0.77173 	0.0016178 
7.8833 	0.77835 	0.0016178 
7.9500 	0.78516 	0.0016178 
8.0167 	0.79197 	0.0016178 
8.0833 	0.79859 	0.0016178 
8.1500 	0.80521 	0.0016178 
8.2167 	0.81164 	0.0016178 
8.2833 	0.81845 	0.0016178 
8.3500 	0.82488 	0.0016178 
8.4167 	0.83169 	0.0032355 
8.4833 	0.83850 	0.0032355 
8.5500 	0.84512 	0.0016178 
8.6167 	0.85193 	0.0016178 
8.7000 	0.85987 	0.0032355 
8.7667 	0.86668 	0.0016178 
8.8333 	0.87330 	0.0032355 
8.9000 	0.88011 	0.0032355 
8.9667 	0.88692 	0.0032355 
9.0500 	0.89524 	0.0032355 
9.1333 	0.90356 	0.0016178 
9.2167 	0.91170 	0.0032355 
9.3000 	0.92002 	0.0016178 
9.3833 	0.92872 	0.0032355 
9.4667 	0.93686 	0.0032355 
9.5500 	0.94518 	0.0032355 
9.6333 	0.95331 	0.0032355 
9.7167 	0.96182 	0.0032355 
9.8000 	0.96996 	0.0016178 
9.8833 	0.97847 	0.0032355 
9.9667 	0.98679 	0.0032355 
10.050 	0.99530 	0.0032355 
10.133 	1.0032 	0.0032355 
10.217 	1.0118 	0.0032355 
10.300 	1.0201 	0.0032355 
10.383 	1.0286 	0.0032355 
10.467 	1.0367 	0.0032355 
10.550 	1.0450 	0.0032355 
10.633 	1.0534 	0.0032355 
10.717 	1.0617 	0.0032355 
10.800 	1.0702 	0.0032355 
10.900 	1.0800 	0.0032355 
10.983 	1.0886 	0.0032355 
11.083 	1.0984 	0.0032355 
11.183 	1.1084 	0.0032355 
11.267 	1.1169 	0.0032355 
11.367 	1.1269 	0.0048533 
11.467 	1.1368 	0.0048533 
11.567 	1.1466 	0.0032355 
11.667 	1.1566 	0.0048533 
11.767 	1.1670 	0.0048533 
11.867 	1.1767 	0.0048533 
11.967 	1.1867 	0.0048533 
12.067 	1.1967 	0.0048533 
12.167 	1.2066 	0.0048533 
12.267 	1.2170 	0.0048533 
12.367 	1.2270 	0.0048533 
12.467 	1.2367 	0.0048533 
12.567 	1.2467 	0.0048533 
12.667 	1.2567 	0.0048533 
12.767 	1.2667 	0.0048533 
12.867 	1.2768 	0.0048533 
12.967 	1.2866 	0.0064711 
13.067 	1.2968 	0.0048533 
13.167 	1.3070 	0.0048533 
13.267 	1.3170 	0.0048533 
13.383 	1.3286 	0.0064711 
13.500 	1.3401 	0.0064711 
13.617 	1.3517 	0.0048533 
13.733 	1.3634 	0.0064711 
13.850 	1.3751 	0.0048533 
13.967 	1.3868 	0.0064711 
14.083 	1.3984 	0.0064711 
14.200 	1.4101 	0.0064711 
14.317 	1.4216 	0.0064711 
14.433 	1.4334 	0.0064711 
14.550 	1.4451 	0.0064711 
14.667 	1.4566 	0.0064711 
14.783 	1.4684 	0.0064711 
14.900 	1.4801 	0.0064711 
15.017 	1.4918 	0.0064711 
15.133 	1.5035 	0.0080889 
15.250 	1.5153 	0.0064711 
15.383 	1.5283 	0.0064711 
15.517 	1.5418 	0.0064711 
15.650 	1.5552 	0.0064711 
15.783 	1.5684 	0.011324 
15.917 	1.5817 	0.0064711 
16.050 	1.5953 	0.0064711 
16.183 	1.6085 	0.0064711 
16.317 	1.6218 	0.0064711 
16.450 	1.6350 	0.0064711 
16.583 	1.6484 	0.0064711 
16.717 	1.6617 	0.0097066 
16.850 	1.6751 	0.0080889 
16.983 	1.6887 	0.0048533 
17.117 	1.7020 	0.0048533 
17.267 	1.7167 	0.0048533 
17.400 	1.7300 	0.0048533 
17.533 	1.7434 	0.0048533 
17.683 	1.7583 	0.0016178 
17.833 	1.7733 	-0.0016194 
17.983 	1.7884 	0.00000 
18.133 	1.8033 	0.00000 
18.283 	1.8185 	0.00000 
18.433 	1.8334 	0.00000 
18.583 	1.8484 	0.00000 
18.733 	1.8635 	0.00000 
18.883 	1.8784 	0.00000 
19.033 	1.8936 	0.00000 
19.183 	1.9083 	0.00000 
19.333 	1.9238 	-0.0016194 
19.500 	1.9403 	0.0016178 
19.667 	1.9566 	0.00000 
19.817 	1.9719 	-0.0016194 
19.983 	1.9885 	0.00000 
20.150 	2.0052 	0.00000 
20.317 	2.0218 	0.00000 
20.483 	2.0383 	-0.0016194 
20.650 	2.0549 	0.00000 
20.817 	2.0717 	0.00000 
20.983 	2.0884 	0.00000 
21.150 	2.1050 	-0.0016194 
21.317 	2.1217 	0.00000 
21.483 	2.1383 	-0.0016194 
21.650 	2.1550 	0.00000 
21.817 	2.1718 	0.00000 
22.000 	2.1902 	0.00000 
22.183 	2.2085 	0.00000 
22.367 	2.2267 	0.00000 
22.550 	2.2450 	0.00000 
22.733 	2.2634 	0.00000 
22.917 	2.2817 	-0.0016194 
23.100 	2.3002 	-0.0016194 
23.283 	2.3186 	-0.0016194 
23.467 	2.3367 	-0.0016194 
23.650 	2.3553 	0.00000 
23.850 	2.3750 	0.00000 
24.033 	2.3935 	0.00000 
24.233 	2.4135 	-0.0016194 
24.433 	2.4334 	0.00000 
24.633 	2.4536 	-0.0016194 
24.833 	2.4735 	-0.0016194 
25.033 	2.4936 	-0.0016194 
25.233 	2.5132 	-0.0016194 
25.433 	2.5337 	-0.0016194 
25.633 	2.5535 	0.00000 
25.850 	2.5749 	0.00000 
26.050 	2.5951 	0.00000 
26.267 	2.6169 	0.00000 
26.483 	2.6383 	0.00000 
26.700 	2.6600 	-0.0016194 
26.917 	2.6819 	-0.0016194 
27.133 	2.7035 	0.00000 
27.350 	2.7253 	-0.0016194 
27.567 	2.7468 	-0.0016194 
27.783 	2.7684 	0.00000 
28.000 	2.7903 	0.00000 
28.233 	2.8134 	0.00000 
28.467 	2.8369 	0.00000 
28.700 	2.8599 	0.00000 
28.933 	2.8836 	0.00000 
